1   John  25     1234567890     1000         50 
2   Alice 30     9876543210     2000         100
3   Bob   35      5555555555       1500               75          
4   Emma  8      9999999999       1800                    90            
5   Michael 40       1111111111       1200                    60            
6   Sophia  32        4444444444        2500                    125          
7   William 27        6666666666      900                     45          
8   Olivia  31        2222222222       1700                    85           
9   James   29        8888888888       1400                    70           
10  Emily    33       3333333333        2200                   110              
